7
17
50
57
22
23
15
5
13
55
53
100
53
100
39
39
53
44
60
101
39
39
44
53
60
101
55
53
100
53
100
15
15
36
16
25
11
11
8
36
16
25
11
11
8
28
41
9
9
9
9
9
9
9
9
9
9
9
8
8
33
53
54
65
80
55
37
67
114
38
122
27
75
71
40
48
36
28
40
24
22
36
34
48
59
36
47
43
10
29
36
27
33
161
121
37
67
55
80
54
65
114
38
122
53
75
33
29
27
27
71
40
48
36
28
40
24
22
36
34
48
59
36
47
43
161
121
166
22
10
30
30
15
82
82
51
51
51
53
53
53
82
82
166
22
10
30
30
15
86
32
53
66
32
35
103
59
123
42
119
42
42
42
103
86
32
66
32
35
53
103
28
41
38
37
41
28
28
41
90
105
37
38
37
28
41
90
105
37
87
85
87
85
101
140
161
121
101
140
161
121
31
101
271
44
44
44
53
156
9
9
62
271
44
44
44
53
156
9
9
62
34
13
142
31
36
34
13
142
31
36
40
40
62
56
31
50
37
58
59
81
40
40
62
56
31
50
37
58
59
81
10
8
23
24
23
10
82
84
16
17
8
42
42
58
60
9
10
13
14
14
82
95
9
10
34
34
50
51
53
54
13
13
148
145
11
12
11
12
19
20
72
72
10
71
74
33
53
12
12
72
72
31
32
46
45
26
25
28
27
9
18
10
13
39
18
19
56
17
44
45
51
51
31
31
20
19
11
28
28
11
16
13
23
57
28
28
50
50
28
28
22
23
28
29
13
15
11
38
35
18
17
91
109
30
42
51
51
46
46
63
63
67
67
25
27
30
32
20
38
25
21
22
53
54
18
19
51
91
30
70
65
147
273
94
105
104
28
245
9
47
127
51
34
63
31
100
38
81
46
139
70
38
31
63
34
53
17
45
49
53
27
13
29
28
53
30
27
63
34
26
63
34
35
68
119
369
15
38
38
42
42
30
70
43
22
65
147
273
64
41
94
105
104
71
46
28
53
29
245
47
73
46
127
51
34
63
31
53
49
53
27
13
29
73
36
28
62
31
45
70
39
53
30
100
38
81
46
70
38
62
34
31
63
34
77
42
69
38
139
70
38
27
63
34
26
63
34
35
91
60
68
117
95
119
117
98
369
91
4
18
22
33
27
18
22
33
27
53
26
25
23
33
46
45
44
45
18
13
56
71
74
51
51
51
82
84
23
24
58
60
42
42
72
72
72
72
28
27
34
34
148
145
82
95
39
16
28
28
31
31
20
19
91
109
30
42
20
25
18
17
13
23
35
50
50
67
67
46
46
51
51
63
63
28
28
28
28
5
11
13
15
19
19
17
17
5
11
11
12
16
16
14
14
12
12
12
12
12
5
11
11
12
16
16
14
14
12
12
12
12
12
5
11
11
12
16
16
14
14
12
12
12
12
12
5
11
11
12
16
16
14
14
12
12
12
12
12
5
11
11
12
16
16
14
14
12
12
12
12
12
5
11
11
12
16
16
14
14
12
12
12
12
12
5
11
11
12
16
16
14
14
12
12
12
12
12
5
11
11
12
16
16
14
14
12
12
12
12
12
5
11
11
12
16
16
14
14
12
12
12
12
12
5
11
11
12
16
16
14
14
12
12
12
12
12
5
11
11
12
16
16
14
14
12
12
12
12
12
5
11
11
12
16
16
14
14
12
12
12
12
12
5
11
11
13
16
16
14
14
14
14
4
8
8
9
12
12
11
11
16
25
25
16
25
25
16
25
25
20
24
22
16
16
17
17
17
16
16
17
17
17
16
16
17
17
17
18
18
18
18
18
25
25
25
25
25
25
25
25
9
9
6
7
5
5
5
7
10
10
6
8
5
4
9
9
9
8
14
14
14
14
4
4
8
4
10
10
10
10
96
96
74
81
83
125
118
144
151
121
66
63
70
80
79
78
65
45
79
80
68
140
51
96
96
74
81
83
125
118
144
66
121
151
63
70
80
79
78
65
45
79
80
68
140
51
3
3
8
8
8
8
8
8
8
8
8
8
8
8
8
8
8
8
8
8
8
8
8
8
8
8
8
8
8
8
8
8
10
10
10
9
9
9
11
11
9
10
9
9
9
10
18
22
36
82
166
230
119
82
166
36
230
119
15
15
15
15
9
9
12
12
9
12
12
5
13
9
27
33
33
33
27
20
26
20
26
31
7
8
7
8
31
50
52
11
21
226
